BST结点文件: BSTdata4.txt
symOrder: 13 15 17 21 23 25 27 35 36 38 40 44 46 49 53 55 58 67 73 77 81 83 87
preOrder: 40 35 21 15 13 17 23 27 25 38 36 81 44 53 49 46 67 55 58 73 77 87 83
删除哪个结点: 35
sL:key=35 node=40
d:root=40 node=35
3L
symOrder: 13 15 17 21 23 25 27 36 38 40 44 46 49 53 55 58 67 73 77 81 83 87
preOrder: 40 27 21 15 13 17 23 25 38 36 81 44 53 49 46 67 55 58 73 77 87 83
删除哪个结点: 81
sR:key=81 node=40
d:root=40 node=81
3R
symOrder: 13 15 17 21 23 25 27 36 38 40 44 46 49 53 55 58 67 73 77 83 87
preOrder: 40 27 21 15 13 17 23 25 38 36 77 44 53 49 46 67 55 58 73 87 83
删除哪个结点: 14
sL:key=14 node=40
sL:key=14 node=27
sL:key=14 node=21
sL:key=14 node=15
sR:key=14 node=13
cannot found key: 14